3.499999999999982292e-02 0.000000000000000000e+00 0.000000000000000000e+00 0.000000000000000000e+00 0.000000000000000000e+00 0.000000000000000000e+00 0.000000000000000000e+00
1.050000000000007178e-01 0.000000000000000000e+00 0.000000000000000000e+00 0.000000000000000000e+00 0.000000000000000000e+00 0.000000000000000000e+00 0.000000000000000000e+00
1.750000000000015987e-01 0.000000000000000000e+00 0.000000000000000000e+00 0.000000000000000000e+00 0.000000000000000000e+00 0.000000000000000000e+00 0.000000000000000000e+00
2.450000000000030764e-01 0.000000000000000000e+00 0.000000000000000000e+00 0.000000000000000000e+00 0.000000000000000000e+00 0.000000000000000000e+00 0.000000000000000000e+00
3.149999999999980593e-01 0.000000000000000000e+00 0.000000000000000000e+00 0.000000000000000000e+00 0.000000000000000000e+00 0.000000000000000000e+00 0.000000000000000000e+00
3.849999999999947353e-01 0.000000000000000000e+00 0.000000000000000000e+00 0.000000000000000000e+00 0.000000000000000000e+00 0.000000000000000000e+00 0.000000000000000000e+00
4.549999999999961298e-01 0.000000000000000000e+00 0.000000000000000000e+00 0.000000000000000000e+00 0.000000000000000000e+00 0.000000000000000000e+00 0.000000000000000000e+00
5.249999999999903633e-01 0.000000000000000000e+00 0.000000000000000000e+00 0.000000000000000000e+00 0.000000000000000000e+00 0.000000000000000000e+00 0.000000000000000000e+00
5.950000000000151834e-01 0.000000000000000000e+00 0.000000000000000000e+00 0.000000000000000000e+00 0.000000000000000000e+00 0.000000000000000000e+00 0.000000000000000000e+00
6.649999999999984812e-01 0.000000000000000000e+00 0.000000000000000000e+00 0.000000000000000000e+00 0.000000000000000000e+00 0.000000000000000000e+00 0.000000000000000000e+00
7.350000000000110889e-01 0.000000000000000000e+00 0.000000000000000000e+00 0.000000000000000000e+00 0.000000000000000000e+00 0.000000000000000000e+00 0.000000000000000000e+00
8.049999999999855049e-01 0.000000000000000000e+00 0.000000000000000000e+00 0.000000000000000000e+00 0.000000000000000000e+00 0.000000000000000000e+00 0.000000000000000000e+00
8.750000000000000000e-01 0.000000000000000000e+00 0.000000000000000000e+00 0.000000000000000000e+00 0.000000000000000000e+00 0.000000000000000000e+00 0.000000000000000000e+00
9.450000000000198241e-01 0.000000000000000000e+00 0.000000000000000000e+00 0.000000000000000000e+00 0.000000000000000000e+00 0.000000000000000000e+00 0.000000000000000000e+00
1.014999999999988134e+00 0.000000000000000000e+00 0.000000000000000000e+00 0.000000000000000000e+00 0.000000000000000000e+00 0.000000000000000000e+00 0.000000000000000000e+00
1.085000000000015064e+00 0.000000000000000000e+00 0.000000000000000000e+00 0.000000000000000000e+00 0.000000000000000000e+00 0.000000000000000000e+00 0.000000000000000000e+00
1.154999999999979154e+00 0.000000000000000000e+00 0.000000000000000000e+00 0.000000000000000000e+00 0.000000000000000000e+00 0.000000000000000000e+00 0.000000000000000000e+00
1.224999999999998312e+00 0.000000000000000000e+00 0.000000000000000000e+00 0.000000000000000000e+00 0.000000000000000000e+00 0.000000000000000000e+00 0.000000000000000000e+00
1.295000000000001261e+00 0.000000000000000000e+00 0.000000000000000000e+00 0.000000000000000000e+00 0.000000000000000000e+00 0.000000000000000000e+00 0.000000000000000000e+00
1.365000000000007985e+00 0.000000000000000000e+00 0.000000000000000000e+00 0.000000000000000000e+00 0.000000000000000000e+00 0.000000000000000000e+00 0.000000000000000000e+00
1.434999999999965636e+00 0.000000000000000000e+00 0.000000000000000000e+00 0.000000000000000000e+00 0.000000000000000000e+00 0.000000000000000000e+00 0.000000000000000000e+00
1.505000000000032090e+00 0.000000000000000000e+00 0.000000000000000000e+00 0.000000000000000000e+00 0.000000000000000000e+00 0.000000000000000000e+00 0.000000000000000000e+00
1.575000000000027933e+00 0.000000000000000000e+00 0.000000000000000000e+00 7.453496503496502947e-04 3.121878121878121875e-05 0.000000000000000000e+00 0.000000000000000000e+00
1.644999999999985363e+00 0.000000000000000000e+00 0.000000000000000000e+00 0.000000000000000000e+00 3.121878121878121875e-05 0.000000000000000000e+00 0.000000000000000000e+00
1.714999999999973213e+00 0.000000000000000000e+00 0.000000000000000000e+00 0.000000000000000000e+00 3.121878121878121875e-05 0.000000000000000000e+00 0.000000000000000000e+00
1.785000000000029008e+00 0.000000000000000000e+00 0.000000000000000000e+00 5.803106893106893711e-04 6.243756243756243751e-05 0.000000000000000000e+00 0.000000000000000000e+00
1.855000000000015081e+00 0.000000000000000000e+00 0.000000000000000000e+00 6.985482517482515495e-03 4.682817182817183084e-04 0.000000000000000000e+00 0.000000000000000000e+00
1.924999999999968736e+00 0.000000000000000000e+00 0.000000000000000000e+00 4.790208491508498451e-02 3.465284715284715471e-03 0.000000000000000000e+00 0.000000000000000000e+00
1.994999999999949036e+00 0.000000000000000000e+00 0.000000000000000000e+00 2.782842857142853732e-01 2.216533466533466418e-02 0.000000000000000000e+00 0.000000000000000000e+00
2.065000000000040359e+00 8.952187812187812135e-04 6.243756243756243751e-05 9.726140559440543676e-01 9.218906093906094334e-02 0.000000000000000000e+00 0.000000000000000000e+00
2.135000000000001119e+00 0.000000000000000000e+00 6.243756243756243751e-05 2.205551463536460144e+00 2.619255744255744034e-01 0.000000000000000000e+00 0.000000000000000000e+00
2.204999999999969429e+00 2.355473526473526088e-03 2.497502497502497500e-04 3.390471534465504977e+00 5.402410089910090196e-01 0.000000000000000000e+00 0.000000000000000000e+00
2.275000000000042988e+00 6.638286713286712000e-03 8.116883116883117418e-04 4.255074305694310333e+00 9.120566933066932558e-01 0.000000000000000000e+00 0.000000000000000000e+00
2.344999999999995310e+00 9.024766233766232104e-03 1.623376623376623484e-03 4.467879410589424616e+00 1.326860639360639471e+00 0.000000000000000000e+00 0.000000000000000000e+00
2.414999999999973834e+00 2.225485314685313187e-02 3.746253746253746467e-03 4.057605754245745544e+00 1.726398601398601462e+00 0.000000000000000000e+00 0.000000000000000000e+00
2.484999999999986109e+00 5.687439360639352098e-02 9.490509490509490068e-03 3.516929371628376710e+00 2.093063186813186594e+00 0.000000000000000000e+00 0.000000000000000000e+00
2.554999999999983729e+00 8.537963836163824094e-02 1.860639360639360779e-02 2.867994757242752435e+00 2.409153346653346794e+00 0.000000000000000000e+00 0.000000000000000000e+00
2.625000000000000000e+00 1.601120829170828708e-01 3.665084915084915185e-02 2.282350727272742130e+00 2.674669080919080955e+00 0.000000000000000000e+00 0.000000000000000000e+00
2.695000000000023821e+00 2.449370029970013019e-01 6.574675324675324783e-02 1.803044655344657521e+00 2.895760489510489588e+00 0.000000000000000000e+00 0.000000000000000000e+00
2.764999999999999236e+00 3.355570319680342140e-01 1.077047952047952006e-01 1.442017951048948587e+00 3.081886863136863219e+00 1.498021978021978062e-03 1.873126873126873125e-04
2.835000000000028386e+00 4.569384805194781629e-01 1.677697302697302717e-01 1.147139810189804487e+00 3.237543706293706247e+00 3.799904095904096078e-03 6.868131868131868668e-04
2.905000000000042437e+00 6.337755444555402962e-01 2.552447552447552614e-01 9.391425994005880851e-01 3.371347402597402620e+00 1.221408791208791235e-02 2.372627372627372517e-03
2.974999999999945910e+00 7.263704875124865623e-01 3.603896103896103709e-01 8.052120709290725431e-01 3.491664585414585353e+00 4.227099500499502394e-02 8.491508491508491935e-03
3.045000000000042117e+00 9.008745514485604344e-01 4.970029970029969935e-01 6.960239290709289151e-01 3.600618131868131844e+00 1.107565234765240242e-01 2.528721278721278790e-02
3.114999999999930935e+00 1.037102345654343116e+00 6.615884115884116401e-01 5.915336423576447178e-01 3.697521228771228685e+00 2.246528651348666805e-01 6.093906093906093641e-02
3.184999999999954312e+00 1.197496260739260299e+00 8.602647352647352363e-01 5.395701158841192946e-01 3.789928821178821128e+00 4.177311588411595777e-01 1.302447552447552337e-01
3.255000000000073168e+00 1.310134258741251223e+00 1.087287712287712260e+00 4.881646393606363099e-01 3.877247752247752199e+00 6.395731498501434631e-01 2.410714285714285754e-01
3.324999999999949996e+00 1.395060010989016552e+00 1.339535464535464460e+00 4.761904675324647451e-01 3.966127622377622508e+00 9.050624385614344236e-01 4.047202797202797409e-01
3.394999999999983586e+00 1.475580489510488480e+00 1.617694805194805241e+00 4.338145024975051944e-01 4.050543206793206785e+00 1.253332691308685298e+00 6.409840159840159979e-01
3.465000000000038494e+00 1.545980235764224719e+00 1.921266233766233844e+00 4.351007252747242093e-01 4.138736263736263687e+00 1.560606953046942413e+00 9.474275724275724730e-01
3.534999999999959286e+00 1.570904115884118379e+00 2.242320179820179948e+00 4.288424125874125137e-01 4.229208291708292045e+00 1.860827882117884302e+00 1.327734765234765302e+00
3.605000000000016414e+00 1.560726688311707688e+00 2.574050949050949111e+00 4.395275974025977805e-01 4.325643106893107159e+00 2.055705814185825098e+00 1.764672827172827141e+00
3.675000000000062883e+00 1.584376306693308534e+00 2.924013486513486360e+00 4.559412097902052485e-01 4.429601648351648713e+00 2.174030581418568087e+00 2.244880119880119818e+00
3.744999999999921947e+00 1.547206887112879681e+00 3.278908591408591366e+00 4.535600159840115775e-01 4.536994255744255966e+00 2.284608067932066611e+00 2.768918581418581493e+00
3.815000000000047020e+00 1.591677230769231288e+00 3.657779720279720426e+00 4.821728401598438518e-01 4.655469530469530604e+00 2.330857099900101481e+00 3.323738761238761441e+00
3.885000000000098819e+00 1.529273465534467746e+00 4.035277222777223116e+00 4.963188751248777675e-01 4.781936813186812962e+00 2.310604000999010310e+00 3.894105894105893917e+00
3.954999999999950777e+00 1.532245381618382529e+00 4.427260239760239635e+00 5.331687382617330551e-01 4.922733516483516425e+00 2.250041697302691102e+00 4.469717782217782265e+00
4.025000000000063416e+00 1.433225754245750716e+00 4.807005494505494525e+00 5.647801098901096273e-01 5.077204045954045952e+00 2.125566231768224235e+00 5.032904595404595227e+00
4.094999999999911822e+00 1.447707043956040662e+00 5.204045954045954048e+00 6.052948141858138786e-01 5.248563936063936453e+00 1.990684705294707202e+00 5.578858641358641179e+00
4.164999999999969837e+00 1.384929465534461945e+00 5.596965534465534908e+00 6.315974755244767591e-01 5.433535214785214507e+00 1.918610899100900102e+00 6.123189310689310716e+00
4.235000000000029630e+00 1.354640965034976885e+00 5.994318181818181657e+00 6.572882977022892481e-01 5.632554945054945250e+00 1.737150628371647576e+00 6.632742257742258118e+00
4.304999999999946425e+00 1.313417782217785490e+00 6.392420079920079878e+00 7.013424149850157052e-01 5.851991758241758212e+00 1.617052947052949996e+00 7.122877122877122602e+00
4.375000000000000000e+00 1.279704913086922025e+00 6.793019480519480346e+00 7.407169061938017052e-01 6.091346153846154188e+00 1.472977108891119880e+00 7.583978521478521806e+00
4.445000000000042029e+00 1.208415636363636469e+00 7.183503996003995695e+00 7.688601448551427575e-01 6.347808441558441928e+00 1.387532997002999924e+00 8.032342657342656622e+00
4.514999999999993463e+00 1.147452148851150655e+00 7.566058941058940945e+00 8.245782131868110154e-01 6.631587162837162985e+00 1.269557416583418918e+00 8.455606893106892841e+00
4.585000000000031051e+00 1.111592851148842431e+00 7.948239260739260459e+00 8.748022137862121461e-01 6.942057942057942022e+00 1.170432182817175981e+00 8.858016983016982593e+00
4.655000000000047322e+00 1.059914146853146555e+00 8.323863636363636687e+00 9.246425894105875232e-01 7.280313436563436547e+00 1.027672672327670345e+00 9.222215284715284511e+00
4.724999999999993427e+00 1.046869642357643349e+00 8.706106393606393823e+00 9.548489210789207204e-01 7.640203546453546046e+00 9.468337482517511505e-01 9.567932067932067852e+00
4.795000000000052331e+00 9.665482987013023219e-01 9.069555444555444268e+00 9.937692877122800139e-01 8.025942807192807393e+00 8.816992567432603289e-01 9.899475524475525035e+00
4.864999999999876756e+00 9.310304085914106187e-01 9.429945054945054750e+00 1.058509068931068553e+00 8.448894855144855498e+00 8.052154535464577378e-01 1.021116383616383594e+01
4.935000000000029807e+00 8.910114065934117145e-01 9.784840159840159757e+00 1.083514608391605183e+00 8.894386863136862331e+00 7.511834425574478447e-01 1.051036463536463472e+01
5.005000000000085159e+00 8.472114085914210779e-01 1.013193056943056902e+01 1.132923940059946455e+00 9.373501548451546483e+00 6.999896103896203758e-01 1.079714035964035901e+01
5.074999999999904254e+00 8.238539650349676613e-01 1.047895854145854067e+01 1.182875374625378395e+00 9.887830569430567706e+00 6.839263726273746569e-01 1.108522727272727337e+01
5.145000000000075957e+00 8.093769640359620432e-01 1.082935814185814216e+01 1.213779160839154159e+00 1.043025814185812017e+01 6.429442057942024169e-01 1.136357392607392569e+01
5.215000000000074465e+00 7.681425244755263337e-01 1.117101648351648358e+01 1.223366647352646330e+00 1.099194305694306095e+01 6.227118961038963230e-01 1.164054695304695386e+01
5.284999999999924647e+00 7.711659550449496692e-01 1.152328921078921020e+01 1.257446473526473651e+00 1.158488331668331561e+01 5.981249010988995973e-01 1.191377372627372644e+01
5.354999999999909832e+00 7.632508701298688081e-01 1.188124375624375695e+01 1.279407927072925721e+00 1.220426383616381472e+01 5.955034125874123507e-01 1.219305694305694310e+01
5.425000000000101075e+00 7.618418641358615240e-01 1.224793956043956022e+01 1.309437061938065305e+00 1.285486303696304766e+01 6.000820000000003374e-01 1.248189310689310716e+01
5.494999999999913065e+00 7.740390449550458296e-01 1.263018231768231736e+01 1.311380001998000644e+00 1.352335224775225875e+01 6.024657562437580882e-01 1.277940809190809190e+01
5.564999999999928448e+00 7.860003246753273221e-01 1.302828421578421647e+01 1.329949208791211035e+00 1.421868601398600873e+01 6.038002077922081101e-01 1.308522727272727337e+01
5.635000000000135678e+00 7.829453596403630478e-01 1.343487762237762162e+01 1.308644057942058847e+00 1.492020479520480514e+01 6.063258741258765738e-01 1.340009990009989949e+01
5.704999999999943228e+00 8.042014675324651307e-01 1.386294955044955124e+01 1.304453507492507436e+00 1.563695744255744025e+01 6.298952537462523260e-01 1.373538961038961048e+01
5.774999999999939959e+00 8.364504365634292116e-01 1.431918081918081853e+01 1.278844128871131192e+00 1.635698651348649690e+01 6.578734515484444545e-01 1.409421828171828217e+01
5.845000000000014850e+00 8.571008661338651580e-01 1.479807692307692335e+01 1.251319625374625488e+00 1.707870149850149133e+01 6.723825874125883839e-01 1.446990509490509424e+01
5.914999999999968061e+00 8.706516973026955375e-01 1.529626623376623407e+01 1.242015560439563293e+00 1.781231208791209042e+01 7.032647892107893872e-01 1.487231518481518400e+01
5.984999999999924825e+00 8.872819580419561980e-01 1.581605894105894095e+01 1.205234959040958342e+00 1.854114735264735003e+01 7.364707542457527012e-01 1.530375874125874169e+01
6.055000000000045901e+00 9.105165444555484155e-01 1.636201298701298867e+01 1.160632950049951928e+00 1.925952097902098004e+01 7.796245284715301871e-01 1.577122877122877043e+01
6.125000000000000000e+00 9.596337822177847254e-01 1.695079920079919944e+01 1.141501734265732981e+00 1.998248701298701135e+01 8.061737842157845613e-01 1.626585914085914197e+01
6.194999999999948770e+00 9.937769560439578820e-01 1.757455044955045054e+01 1.096818139860141761e+00 2.069311958041959798e+01 8.649539350649371183e-01 1.680875374625374619e+01
6.265000000000086722e+00 1.012545379620383601e+00 1.822452547452547478e+01 1.059867247752245278e+00 2.139541748251749098e+01 9.154733116883156940e-01 1.739641608391608329e+01
6.335000000000032827e+00 1.043660581518481845e+00 1.890952797202797342e+01 1.023026033966039305e+00 2.208853716283718072e+01 9.611837483516468827e-01 1.802728521478521628e+01
6.404999999999964722e+00 1.056987958041961662e+00 1.961869380619380721e+01 9.885273346653322690e-01 2.277316513486513117e+01 1.013342351648356177e+00 1.870716783216783341e+01
6.475000000000092903e+00 1.087253823176828949e+00 2.036419830169830192e+01 9.516992237762218476e-01 2.344677242757242652e+01 1.051922635364639813e+00 1.942844655344655180e+01
6.545000000000058549e+00 1.101910231768232773e+00 2.113617632367632382e+01 9.177662857142847574e-01 2.411048181818182456e+01 1.098790871128870750e+00 2.019823926073926046e+01
6.614999999999851887e+00 1.100611872127877922e+00 2.192382617382617482e+01 8.982766423576407089e-01 2.477406923076922496e+01 1.150080584415589247e+00 2.102129120879120805e+01
6.685000000000126619e+00 1.141668935064931611e+00 2.275824175824175910e+01 8.762113036963083967e-01 2.543512737262738099e+01 1.190448823176821325e+00 2.189135864135864296e+01
6.755000000000092264e+00 1.148752615384612374e+00 2.361550949050949200e+01 8.507296703296696183e-01 2.609046973026975280e+01 1.243799013986015778e+00 2.281955544455544427e+01
6.824999999999882938e+00 1.143914684315694208e+00 2.448695054945055105e+01 8.309073746253740067e-01 2.674387972027973248e+01 1.232267500499509172e+00 2.375830419580419672e+01
6.895000000000167439e+00 1.144977692307688422e+00 2.537718531468531324e+01 8.124880539460550555e-01 2.739597992007988836e+01 1.293219537462532598e+00 2.476379870129870042e+01
6.965000000000092228e+00 1.164575725274726858e+00 2.630113636363636331e+01 8.146884785214764113e-01 2.806318501498503437e+01 1.285770884115885471e+00 2.578390359640359719e+01
