3.499999999999982292e-02 0.000000000000000000e+00 0.000000000000000000e+00 0.000000000000000000e+00 0.000000000000000000e+00 0.000000000000000000e+00 0.000000000000000000e+00
1.050000000000007178e-01 0.000000000000000000e+00 0.000000000000000000e+00 0.000000000000000000e+00 0.000000000000000000e+00 0.000000000000000000e+00 0.000000000000000000e+00
1.750000000000015987e-01 0.000000000000000000e+00 0.000000000000000000e+00 0.000000000000000000e+00 0.000000000000000000e+00 0.000000000000000000e+00 0.000000000000000000e+00
2.450000000000030764e-01 0.000000000000000000e+00 0.000000000000000000e+00 0.000000000000000000e+00 0.000000000000000000e+00 0.000000000000000000e+00 0.000000000000000000e+00
3.149999999999980593e-01 0.000000000000000000e+00 0.000000000000000000e+00 0.000000000000000000e+00 0.000000000000000000e+00 0.000000000000000000e+00 0.000000000000000000e+00
3.849999999999947353e-01 0.000000000000000000e+00 0.000000000000000000e+00 0.000000000000000000e+00 0.000000000000000000e+00 0.000000000000000000e+00 0.000000000000000000e+00
4.549999999999961298e-01 0.000000000000000000e+00 0.000000000000000000e+00 0.000000000000000000e+00 0.000000000000000000e+00 0.000000000000000000e+00 0.000000000000000000e+00
5.249999999999903633e-01 0.000000000000000000e+00 0.000000000000000000e+00 0.000000000000000000e+00 0.000000000000000000e+00 0.000000000000000000e+00 0.000000000000000000e+00
5.950000000000151834e-01 0.000000000000000000e+00 0.000000000000000000e+00 0.000000000000000000e+00 0.000000000000000000e+00 0.000000000000000000e+00 0.000000000000000000e+00
6.649999999999984812e-01 0.000000000000000000e+00 0.000000000000000000e+00 0.000000000000000000e+00 0.000000000000000000e+00 0.000000000000000000e+00 0.000000000000000000e+00
7.350000000000110889e-01 0.000000000000000000e+00 0.000000000000000000e+00 0.000000000000000000e+00 0.000000000000000000e+00 0.000000000000000000e+00 0.000000000000000000e+00
8.049999999999855049e-01 0.000000000000000000e+00 0.000000000000000000e+00 0.000000000000000000e+00 0.000000000000000000e+00 0.000000000000000000e+00 0.000000000000000000e+00
8.750000000000000000e-01 0.000000000000000000e+00 0.000000000000000000e+00 0.000000000000000000e+00 0.000000000000000000e+00 0.000000000000000000e+00 0.000000000000000000e+00
9.450000000000198241e-01 0.000000000000000000e+00 0.000000000000000000e+00 0.000000000000000000e+00 0.000000000000000000e+00 0.000000000000000000e+00 0.000000000000000000e+00
1.014999999999988134e+00 0.000000000000000000e+00 0.000000000000000000e+00 0.000000000000000000e+00 0.000000000000000000e+00 0.000000000000000000e+00 0.000000000000000000e+00
1.085000000000015064e+00 0.000000000000000000e+00 0.000000000000000000e+00 0.000000000000000000e+00 0.000000000000000000e+00 0.000000000000000000e+00 0.000000000000000000e+00
1.154999999999979154e+00 0.000000000000000000e+00 0.000000000000000000e+00 0.000000000000000000e+00 0.000000000000000000e+00 0.000000000000000000e+00 0.000000000000000000e+00
1.224999999999998312e+00 0.000000000000000000e+00 0.000000000000000000e+00 0.000000000000000000e+00 0.000000000000000000e+00 0.000000000000000000e+00 0.000000000000000000e+00
1.295000000000001261e+00 0.000000000000000000e+00 0.000000000000000000e+00 0.000000000000000000e+00 0.000000000000000000e+00 0.000000000000000000e+00 0.000000000000000000e+00
1.365000000000007985e+00 0.000000000000000000e+00 0.000000000000000000e+00 0.000000000000000000e+00 0.000000000000000000e+00 0.000000000000000000e+00 0.000000000000000000e+00
1.434999999999965636e+00 0.000000000000000000e+00 0.000000000000000000e+00 0.000000000000000000e+00 0.000000000000000000e+00 0.000000000000000000e+00 0.000000000000000000e+00
1.505000000000032090e+00 0.000000000000000000e+00 0.000000000000000000e+00 0.000000000000000000e+00 0.000000000000000000e+00 0.000000000000000000e+00 0.000000000000000000e+00
1.575000000000027933e+00 0.000000000000000000e+00 0.000000000000000000e+00 7.453496503496502947e-04 3.121878121878121875e-05 0.000000000000000000e+00 0.000000000000000000e+00
1.644999999999985363e+00 0.000000000000000000e+00 0.000000000000000000e+00 0.000000000000000000e+00 3.121878121878121875e-05 0.000000000000000000e+00 0.000000000000000000e+00
1.714999999999973213e+00 0.000000000000000000e+00 0.000000000000000000e+00 0.000000000000000000e+00 3.121878121878121875e-05 0.000000000000000000e+00 0.000000000000000000e+00
1.785000000000029008e+00 0.000000000000000000e+00 0.000000000000000000e+00 5.803106893106893711e-04 6.243756243756243751e-05 0.000000000000000000e+00 0.000000000000000000e+00
1.855000000000015081e+00 0.000000000000000000e+00 0.000000000000000000e+00 5.910793206793205079e-03 4.058441558441558709e-04 0.000000000000000000e+00 0.000000000000000000e+00
1.924999999999968736e+00 0.000000000000000000e+00 0.000000000000000000e+00 5.688372827172833573e-02 3.964785214785214972e-03 0.000000000000000000e+00 0.000000000000000000e+00
1.994999999999949036e+00 0.000000000000000000e+00 0.000000000000000000e+00 2.982613086913075140e-01 2.400724275724275616e-02 0.000000000000000000e+00 0.000000000000000000e+00
2.065000000000040359e+00 0.000000000000000000e+00 0.000000000000000000e+00 1.008170984015984040e+00 9.659090909090908839e-02 0.000000000000000000e+00 0.000000000000000000e+00
2.135000000000001119e+00 0.000000000000000000e+00 0.000000000000000000e+00 2.177561276723278372e+00 2.641733266733266583e-01 0.000000000000000000e+00 0.000000000000000000e+00
2.204999999999969429e+00 2.355473526473526088e-03 1.873126873126873125e-04 3.401120162837135918e+00 5.433628871128871607e-01 0.000000000000000000e+00 0.000000000000000000e+00
2.275000000000042988e+00 8.851048951048948177e-03 9.365634365634366168e-04 4.210772887112899987e+00 9.113074425574425597e-01 0.000000000000000000e+00 0.000000000000000000e+00
2.344999999999995310e+00 1.249582617382617722e-02 2.060439560439560492e-03 4.501505224775239178e+00 1.329233266733266694e+00 0.000000000000000000e+00 0.000000000000000000e+00
2.414999999999973834e+00 2.356396003996002325e-02 4.308191808191808025e-03 4.101041409590401088e+00 1.733048201798201848e+00 0.000000000000000000e+00 0.000000000000000000e+00
2.484999999999986109e+00 4.883778821178815649e-02 9.240759240759240101e-03 3.500160701298703714e+00 2.097964535464535540e+00 0.000000000000000000e+00 0.000000000000000000e+00
2.554999999999983729e+00 8.713398701298689930e-02 1.854395604395604399e-02 2.881308119880116703e+00 2.415521978021978100e+00 0.000000000000000000e+00 0.000000000000000000e+00
2.625000000000000000e+00 1.567879420579420258e-01 3.621378621378621571e-02 2.277520502497518251e+00 2.680475774225774099e+00 0.000000000000000000e+00 0.000000000000000000e+00
2.695000000000023821e+00 2.302197522477506531e-01 6.356143856143856019e-02 1.819847952047952688e+00 2.903627622377622508e+00 0.000000000000000000e+00 0.000000000000000000e+00
2.764999999999999236e+00 3.585267282717307102e-01 1.083916083916083850e-01 1.427263984015980647e+00 3.087849650349650421e+00 4.993406593406593541e-04 6.243756243756243751e-05
2.835000000000028386e+00 4.840128011987984147e-01 1.720154845154845125e-01 1.115849957042953422e+00 3.239260739260739097e+00 6.649832167832169655e-03 9.365634365634366168e-04
2.905000000000042437e+00 6.183948811188783035e-01 2.573676323676323818e-01 9.641221488511364512e-01 3.376623376623376416e+00 2.216630769230771777e-02 3.996003996003996001e-03
2.974999999999945910e+00 8.044423426573420466e-01 3.738136863136863330e-01 7.774244255744274801e-01 3.492788461538461675e+00 4.140832667332669526e-02 9.990009990009990001e-03
3.045000000000042117e+00 9.156970069930158163e-01 5.126748251748252105e-01 6.804680839160847095e-01 3.599306943056943098e+00 9.799275524475567489e-02 2.485014985014985175e-02
3.114999999999930935e+00 1.028446738261734827e+00 6.758866133866133774e-01 5.841013546453575067e-01 3.694992507492507627e+00 2.250463506493523003e-01 6.056443556443556753e-02
3.184999999999954312e+00 1.183572150849151017e+00 8.722527472527472625e-01 5.353775604395635268e-01 3.786682067932067852e+00 3.797214255744261191e-01 1.235639360639360640e-01
3.255000000000073168e+00 1.277705167832160482e+00 1.093656343656343566e+00 4.806598161838128713e-01 3.872658591408591366e+00 5.992169920079862822e-01 2.273976023976023997e-01
3.324999999999949996e+00 1.376758639360644132e+00 1.342594905094905089e+00 4.646494835164801662e-01 3.959384365634365466e+00 8.971201938061902359e-01 3.896103896103896291e-01
3.394999999999983586e+00 1.458688339660339395e+00 1.617569930069929995e+00 4.294827772227797769e-01 4.042957042957042724e+00 1.235446889110882740e+00 6.225024975024975316e-01
3.465000000000038494e+00 1.542800518481509231e+00 1.920516983016983037e+00 4.403373416583409306e-01 4.132211538461538325e+00 1.510367383616373571e+00 9.190809190809190454e-01
3.534999999999959286e+00 1.570598611388611454e+00 2.241508491508491296e+00 4.402367542457547023e-01 4.225087412587412494e+00 1.813474685314688806e+00 1.289710289710289670e+00
3.605000000000016414e+00 1.551032764235781514e+00 2.571178821178821128e+00 4.412350909090913542e-01 4.321896853146853346e+00 2.092131613386623901e+00 1.734390609390609406e+00
3.675000000000062883e+00 1.566285461538461821e+00 2.917145354645354516e+00 4.559412097902053596e-01 4.425855394605394899e+00 2.247525266733253257e+00 2.230831668331668460e+00
3.744999999999921947e+00 1.590487212787205173e+00 3.281968031968031774e+00 4.701730159840111223e-01 4.537181568431568834e+00 2.285696765234765948e+00 2.755119880119880182e+00
3.815000000000047020e+00 1.543412771228772185e+00 3.649350649350649345e+00 4.803941398601441759e-01 4.655219780219780112e+00 2.309610406593403109e+00 3.304882617382617571e+00
3.885000000000098819e+00 1.587702466533467804e+00 4.041271228771228685e+00 5.053851748251777520e-01 4.783997252747252737e+00 2.344497995005002888e+00 3.883616383616383505e+00
3.954999999999950777e+00 1.510035290709292433e+00 4.427572427572427749e+00 5.315136513486453662e-01 4.924356893106892841e+00 2.223926668331662970e+00 4.452547452547452878e+00
4.025000000000063416e+00 1.472579234765229339e+00 4.817744755244754984e+00 5.553062447552445935e-01 5.076236263736263687e+00 2.188720343656332723e+00 5.032467532467532756e+00
4.094999999999911822e+00 1.459090268731266349e+00 5.217907092907092981e+00 5.858865744255732366e-01 5.242101648351648713e+00 2.009808546453550893e+00 5.583666333666333692e+00
4.164999999999969837e+00 1.403195674325673714e+00 5.616008991008991202e+00 6.301051538461550638e-01 5.426635864135864296e+00 1.909587872127873398e+00 6.125437062937063359e+00
4.235000000000029630e+00 1.371456881118893412e+00 6.018294205794205709e+00 6.693515104895021439e-01 5.629308191808191530e+00 1.805052729270743006e+00 6.654907592407591999e+00
4.304999999999946425e+00 1.278398801198802781e+00 6.405781718281718717e+00 6.850785748251749796e-01 5.843656343656343566e+00 1.646098101898105792e+00 7.153846153846154188e+00
4.375000000000000000e+00 1.267338666333675645e+00 6.802509990009990126e+00 7.556916557442515670e-01 6.087849650349649977e+00 1.529223331668341457e+00 7.632554945054945250e+00
4.445000000000042029e+00 1.212280135864136632e+00 7.194243256743257042e+00 7.996519860139843505e-01 6.354582917082916893e+00 1.395841556443557785e+00 8.083603896103896957e+00
4.514999999999993463e+00 1.159999710289710606e+00 7.580981518481518577e+00 8.440815008990983914e-01 6.645073676323676182e+00 1.274052094905095744e+00 8.508366633366632570e+00
4.585000000000031051e+00 1.105599812187803899e+00 7.961101398601398316e+00 8.805199860139839574e-01 6.957573676323676182e+00 1.118312084915075832e+00 8.892857142857142350e+00
4.655000000000047322e+00 1.078941831168829912e+00 8.343469030969030698e+00 9.088549570429552693e-01 7.290053696303695929e+00 1.042295906093905877e+00 9.262237762237761629e+00
4.724999999999993427e+00 1.017286374625378631e+00 8.714910089910089752e+00 9.562570784215778108e-01 7.650474525474525223e+00 9.772719910089938677e-01 9.619068431568431166e+00
4.795000000000052331e+00 9.803300539460578777e-01 9.083541458541459335e+00 1.004707479520472457e+00 8.040459540459540477e+00 8.916619580419616886e-01 9.954358141858142162e+00
4.864999999999876756e+00 9.363533126873148094e-01 9.445991508491507815e+00 1.036866929070927812e+00 8.454763986013986710e+00 8.071511578421615152e-01 1.026679570429570454e+01
4.935000000000029807e+00 8.844276183816233150e-01 9.798264235764236219e+00 1.105078556443554127e+00 8.909122127872127095e+00 7.193615414585475820e-01 1.055332167832167833e+01
5.005000000000085159e+00 8.562032327672453036e-01 1.014903846153846168e+01 1.135064568431573884e+00 9.389141958041959057e+00 6.984655184815279361e-01 1.083947302697302639e+01
5.074999999999904254e+00 8.152566553446575215e-01 1.049244505494505475e+01 1.168587532467534773e+00 9.897257392607400561e+00 6.726609730269751397e-01 1.112281468531468498e+01
5.145000000000075957e+00 7.988486363636319032e-01 1.083828671328671334e+01 1.204906996003985542e+00 1.043571853146852568e+01 6.203012957042939313e-01 1.139135864135864118e+01
5.215000000000074465e+00 7.743190959040966437e-01 1.118269230769230838e+01 1.233090198801198634e+00 1.100187232767233603e+01 6.079723306693312068e-01 1.166177572427572429e+01
5.284999999999924647e+00 7.499799910089854915e-01 1.152528721278721235e+01 1.258174667332667696e+00 1.159515524475525261e+01 5.858233756243754753e-01 1.192938311688311614e+01
5.354999999999909832e+00 7.576593526473518470e-01 1.188061938061938072e+01 1.293207994005993067e+00 1.222121648351648737e+01 5.948377682317679271e-01 1.220835414585414647e+01
5.425000000000101075e+00 7.672900639360618058e-01 1.224993756243756238e+01 1.275004673326677329e+00 1.285470799200798453e+01 5.641497872127878566e-01 1.247989510489510501e+01
5.494999999999913065e+00 7.699931088911095012e-01 1.263018231768231736e+01 1.307093092907092524e+00 1.352100969030967725e+01 5.927301898101918765e-01 1.277260239760239813e+01
5.564999999999928448e+00 7.909313056943060305e-01 1.303078171828171783e+01 1.304930153846160401e+00 1.420326673326673550e+01 5.875279500499516194e-01 1.307017982017982050e+01
5.635000000000135678e+00 7.807812107892136977e-01 1.343625124875124932e+01 1.299675575424576568e+00 1.489997242757240592e+01 5.931004305694340673e-01 1.337818431568431521e+01
5.704999999999943228e+00 7.964597552447530981e-01 1.386020229770229761e+01 1.292351625374625890e+00 1.561007842157841807e+01 6.157020429570415621e-01 1.370591908091908095e+01
5.774999999999939959e+00 8.224848501498440712e-01 1.430881618381618381e+01 1.290876081918084006e+00 1.633688111888111649e+01 6.440223176823112183e-01 1.405719280719280739e+01
5.845000000000014850e+00 8.373216583416576153e-01 1.477666083916083828e+01 1.275676897102897112e+00 1.707264325674325889e+01 6.558440139860145512e-01 1.442363886113886196e+01
5.914999999999968061e+00 8.833093876123870869e-01 1.528209290709290791e+01 1.229964939060939288e+00 1.779913776223775201e+01 6.960629620379632509e-01 1.482192807192807216e+01
5.984999999999924825e+00 8.894135714285693606e-01 1.580313436563436547e+01 1.204821883116883319e+00 1.852772267732267153e+01 7.184586303696297582e-01 1.524281968031968049e+01
6.055000000000045901e+00 9.281145564435612227e-01 1.635964035964035901e+01 1.188474780219781035e+00 1.926333116883115437e+01 7.737932707292721757e-01 1.570679320679320767e+01
6.125000000000000000e+00 9.523069150849170494e-01 1.694393106893106804e+01 1.151212230769228073e+00 1.999244625374624817e+01 8.108549850149858740e-01 1.620429570429570276e+01
6.194999999999948770e+00 9.703997262737289464e-01 1.755300949050949200e+01 1.108960609390611918e+00 2.071094415584414250e+01 8.488386504495529783e-01 1.673707542457542630e+01
6.265000000000086722e+00 1.019159392607396519e+00 1.820723026973027103e+01 1.068583229770228460e+00 2.141901978021974884e+01 8.982571638361696031e-01 1.731368631368631483e+01
6.335000000000032827e+00 1.033291681418580854e+00 1.888542707292707235e+01 1.030675059940064253e+00 2.211731898101901095e+01 9.428239730269717400e-01 1.793250499500499373e+01
6.404999999999964722e+00 1.073366737262740678e+00 1.960558191808191708e+01 9.837041588411558068e-01 2.279860699300700944e+01 1.005804380619383487e+00 1.860733016983017052e+01
6.475000000000092903e+00 1.072866286713291428e+00 2.034122127872127805e+01 9.429660819180794018e-01 2.346603286713290615e+01 1.044091381618384107e+00 1.932323926073926046e+01
6.545000000000058549e+00 1.110198529470529216e+00 2.111900599400599532e+01 9.229034975024968945e-01 2.413346093906094225e+01 1.125171249750248847e+00 2.011151348651348769e+01
6.614999999999851887e+00 1.131758886113891194e+00 2.192894605394605279e+01 8.834856803196791120e-01 2.478611918081916698e+01 1.162469640359646172e+00 2.094343156843156706e+01
6.685000000000126619e+00 1.136628680319679896e+00 2.275967782217782087e+01 8.727353856143893474e-01 2.544455504495504528e+01 1.223082509490507341e+00 2.183735014985014899e+01
6.755000000000092264e+00 1.132688564435560652e+00 2.360495754245754085e+01 8.508512647352634017e-01 2.609999200799201446e+01 1.251328959040961086e+00 2.277116633366633280e+01
6.824999999999882938e+00 1.142193486513496614e+00 2.447508741258741338e+01 8.335671618381605974e-01 2.675549600399601147e+01 1.272755695304705448e+00 2.374075924075924249e+01
6.895000000000167439e+00 1.185049532467528977e+00 2.539647852147852092e+01 8.226791568431573998e-01 2.741577162837165105e+01 1.300607438561434126e+00 2.475199800199800038e+01
6.965000000000092228e+00 1.160326072927074126e+00 2.631705794205794291e+01 8.044724085914063405e-01 2.807461478521478426e+01 1.317014008991010732e+00 2.579689060939060852e+01
