0.000000000000000000e+00 0.000000000000000000e+00
2.964500000000000121e-02 0.000000000000000000e+00
5.929000000000000242e-02 0.000000000000000000e+00
8.893500000000000016e-02 0.000000000000000000e+00
1.185800000000000048e-01 0.000000000000000000e+00
1.482249999999999956e-01 0.000000000000000000e+00
1.778700000000000003e-01 0.000000000000000000e+00
2.075150000000000050e-01 0.000000000000000000e+00
2.371600000000000097e-01 0.000000000000000000e+00
2.668050000000000144e-01 0.000000000000000000e+00
2.964499999999999913e-01 0.000000000000000000e+00
3.260950000000000237e-01 0.000000000000000000e+00
3.557400000000000007e-01 0.000000000000000000e+00
3.853850000000000331e-01 0.000000000000000000e+00
4.150300000000000100e-01 0.000000000000000000e+00
4.446750000000000425e-01 0.000000000000000000e+00
4.743200000000000194e-01 0.000000000000000000e+00
5.039649999999999963e-01 0.000000000000000000e+00
5.336100000000000287e-01 0.000000000000000000e+00
5.632550000000000612e-01 0.000000000000000000e+00
5.928999999999999826e-01 0.000000000000000000e+00
6.225450000000000150e-01 0.000000000000000000e+00
6.521900000000000475e-01 0.000000000000000000e+00
6.818350000000000799e-01 0.000000000000000000e+00
7.114800000000000013e-01 0.000000000000000000e+00
7.411250000000000338e-01 0.000000000000000000e+00
7.707700000000000662e-01 0.000000000000000000e+00
8.004149999999999876e-01 0.000000000000000000e+00
8.300600000000000200e-01 0.000000000000000000e+00
8.597050000000000525e-01 0.000000000000000000e+00
8.893500000000000849e-01 0.000000000000000000e+00
9.189950000000000063e-01 0.000000000000000000e+00
9.486400000000000388e-01 0.000000000000000000e+00
9.782850000000000712e-01 0.000000000000000000e+00
1.007929999999999993e+00 0.000000000000000000e+00
1.037575000000000136e+00 0.000000000000000000e+00
1.067220000000000057e+00 0.000000000000000000e+00
1.096864999999999979e+00 0.000000000000000000e+00
1.126510000000000122e+00 0.000000000000000000e+00
1.156155000000000044e+00 0.000000000000000000e+00
1.185799999999999965e+00 0.000000000000000000e+00
1.215445000000000109e+00 0.000000000000000000e+00
1.245090000000000030e+00 0.000000000000000000e+00
1.274734999999999951e+00 0.000000000000000000e+00
1.304380000000000095e+00 0.000000000000000000e+00
1.334025000000000016e+00 0.000000000000000000e+00
1.363670000000000160e+00 0.000000000000000000e+00
1.393315000000000081e+00 0.000000000000000000e+00
1.422960000000000003e+00 0.000000000000000000e+00
1.452605000000000146e+00 0.000000000000000000e+00
1.482250000000000068e+00 0.000000000000000000e+00
1.511894999999999989e+00 0.000000000000000000e+00
1.541540000000000132e+00 0.000000000000000000e+00
1.571185000000000054e+00 0.000000000000000000e+00
1.600829999999999975e+00 0.000000000000000000e+00
1.630475000000000119e+00 0.000000000000000000e+00
1.660120000000000040e+00 0.000000000000000000e+00
1.689764999999999961e+00 0.000000000000000000e+00
1.719410000000000105e+00 0.000000000000000000e+00
1.749055000000000026e+00 0.000000000000000000e+00
1.778700000000000170e+00 0.000000000000000000e+00
1.808345000000000091e+00 0.000000000000000000e+00
1.837990000000000013e+00 0.000000000000000000e+00
1.867635000000000156e+00 0.000000000000000000e+00
1.897280000000000078e+00 0.000000000000000000e+00
1.926924999999999999e+00 0.000000000000000000e+00
1.956570000000000142e+00 0.000000000000000000e+00
1.986215000000000064e+00 0.000000000000000000e+00
2.015859999999999985e+00 0.000000000000000000e+00
2.045504999999999907e+00 0.000000000000000000e+00
2.075150000000000272e+00 0.000000000000000000e+00
2.104795000000000194e+00 0.000000000000000000e+00
2.134440000000000115e+00 0.000000000000000000e+00
2.164085000000000036e+00 0.000000000000000000e+00
2.193729999999999958e+00 0.000000000000000000e+00
2.223374999999999879e+00 0.000000000000000000e+00
2.253020000000000245e+00 0.000000000000000000e+00
2.282665000000000166e+00 0.000000000000000000e+00
2.312310000000000088e+00 0.000000000000000000e+00
2.341955000000000009e+00 0.000000000000000000e+00
2.371599999999999930e+00 0.000000000000000000e+00
2.401245000000000296e+00 0.000000000000000000e+00
2.430890000000000217e+00 0.000000000000000000e+00
2.460535000000000139e+00 0.000000000000000000e+00
2.490180000000000060e+00 0.000000000000000000e+00
2.519824999999999982e+00 0.000000000000000000e+00
2.549469999999999903e+00 0.000000000000000000e+00
2.579115000000000268e+00 0.000000000000000000e+00
2.608760000000000190e+00 0.000000000000000000e+00
2.638405000000000111e+00 0.000000000000000000e+00
2.668050000000000033e+00 0.000000000000000000e+00
2.697694999999999954e+00 0.000000000000000000e+00
2.727340000000000320e+00 0.000000000000000000e+00
2.756985000000000241e+00 0.000000000000000000e+00
2.786630000000000162e+00 0.000000000000000000e+00
2.816275000000000084e+00 1.523876429795375034e-02
2.845920000000000005e+00 2.345290234414915825e-02
2.875564999999999927e+00 1.253143007287313426e-02
2.905210000000000292e+00 2.455655713390374195e-02
2.934855000000000214e+00 3.810361733452922312e-02
2.964500000000000135e+00 7.076674451303960334e-02
2.994145000000000056e+00 5.588880498053188511e-02
3.023789999999999978e+00 7.370141986147236979e-02
3.053435000000000343e+00 1.149132306655500507e-01
3.083080000000000265e+00 2.036313079362964962e-01
3.112725000000000186e+00 2.693588192002268622e-01
3.142370000000000108e+00 5.409018865543784305e-01
3.172015000000000029e+00 5.549385374166698748e-01
3.201659999999999950e+00 4.587422882064775553e-01
3.231305000000000316e+00 7.219675129606494268e-01
3.260950000000000237e+00 7.951402943199454842e-01
3.290595000000000159e+00 6.867176865286569454e-01
3.320240000000000080e+00 9.851767690656066945e-01
3.349885000000000002e+00 1.251480018499047553e+00
3.379529999999999923e+00 1.661327740248782270e+00
3.409175000000000288e+00 1.431761940759577634e+00
3.438820000000000210e+00 1.685234668950753134e+00
3.468465000000000131e+00 1.796166147404524738e+00
3.498110000000000053e+00 1.870608869887321335e+00
3.527754999999999974e+00 1.701788153092764988e+00
3.557400000000000340e+00 1.726987473181534893e+00
3.587045000000000261e+00 1.734990599123389599e+00
3.616690000000000182e+00 1.746472554579608039e+00
3.646335000000000104e+00 1.832857875230607281e+00
3.675980000000000025e+00 2.100705794739767374e+00
3.705624999999999947e+00 1.893401018253228818e+00
3.735270000000000312e+00 2.037287231291473599e+00
3.764915000000000234e+00 2.148353119203811001e+00
3.794560000000000155e+00 2.217251169946398814e+00
3.824205000000000076e+00 2.321658411947202794e+00
3.853849999999999998e+00 2.084523469221278180e+00
3.883495000000000363e+00 2.167758084252918049e+00
3.913140000000000285e+00 2.177004561278678807e+00
3.942785000000000206e+00 1.982977851016881177e+00
3.972430000000000128e+00 2.011769959515115058e+00
4.002075000000000493e+00 1.940011481640312230e+00
4.031719999999999970e+00 2.034234925428111129e+00
4.061365000000000336e+00 2.066713168310987836e+00
4.091009999999999813e+00 1.971768705993764970e+00
4.120655000000000179e+00 2.002776319605539701e+00
4.150300000000000544e+00 2.034716111807851391e+00
4.179945000000000022e+00 1.964410339747867829e+00
4.209590000000000387e+00 1.733563074416214045e+00
4.239234999999999864e+00 1.686345946118597450e+00
4.268880000000000230e+00 1.515700216768922859e+00
4.298525000000000595e+00 1.508067467659697458e+00
4.328170000000000073e+00 1.309931967673445330e+00
4.357815000000000438e+00 1.243863072669477488e+00
4.387459999999999916e+00 1.410837098636659626e+00
4.417105000000000281e+00 1.233901988911017211e+00
4.446749999999999758e+00 1.230707743728475911e+00
4.476395000000000124e+00 1.184238098440418163e+00
4.506040000000000489e+00 1.169611814989756526e+00
4.535684999999999967e+00 1.075213731003777262e+00
4.565330000000000332e+00 1.100433451030454757e+00
4.594974999999999810e+00 1.035416845202625113e+00
4.624620000000000175e+00 1.147877425624213465e+00
4.654265000000000541e+00 1.206983100656153329e+00
4.683910000000000018e+00 1.057446886533399466e+00
4.713555000000000383e+00 9.006279787618427513e-01
4.743199999999999861e+00 8.925231799525786824e-01
4.772845000000000226e+00 9.256558649019296370e-01
4.802490000000000592e+00 9.338474081898335832e-01
4.832135000000000069e+00 8.177355419100001965e-01
4.861780000000000435e+00 6.970322726086362053e-01
4.891424999999999912e+00 7.401007557156765726e-01
4.921070000000000277e+00 6.854007569420337287e-01
4.950715000000000643e+00 6.970561141563215157e-01
4.980360000000000120e+00 7.146809957338384756e-01
5.010005000000000486e+00 6.627356998296122237e-01
5.039649999999999963e+00 6.017115111486676104e-01
5.069295000000000329e+00 5.764887207709848971e-01
5.098939999999999806e+00 6.051879820228281970e-01
5.128585000000000171e+00 5.395299603483646456e-01
5.158230000000000537e+00 5.757461938041483762e-01
5.187875000000000014e+00 5.543773239349963911e-01
5.217520000000000380e+00 5.959138137006436686e-01
5.247164999999999857e+00 6.358515376740777603e-01
5.276810000000000223e+00 5.975901817612664368e-01
5.306455000000000588e+00 5.484315119868305999e-01
5.336100000000000065e+00 5.911240568113904637e-01
5.365745000000000431e+00 5.996959922845352953e-01
5.395389999999999908e+00 4.798787062017795257e-01
5.425035000000000274e+00 5.566230740211359773e-01
5.454680000000000639e+00 6.240974335112940974e-01
5.484325000000000117e+00 6.496986045592628711e-01
5.513970000000000482e+00 6.387542413035476319e-01
5.543614999999999959e+00 5.624943803886626181e-01
5.573260000000000325e+00 5.760993175698478908e-01
5.602904999999999802e+00 5.877278237243794834e-01
5.632550000000000168e+00 6.264363529838961053e-01
5.662195000000000533e+00 6.518540475788747734e-01
5.691840000000000011e+00 5.770529719396881863e-01
5.721485000000000376e+00 6.108745004822278002e-01
5.751129999999999853e+00 6.539436055037172180e-01
5.780775000000000219e+00 6.628551382201838260e-01
5.810420000000000584e+00 6.653813942540665050e-01
5.840065000000000062e+00 6.103043682986889484e-01
5.869710000000000427e+00 6.243265280589685995e-01
5.899354999999999905e+00 5.876530630738096006e-01
