0.000000000000000000e+00 0.000000000000000000e+00
2.964500000000000121e-02 0.000000000000000000e+00
5.929000000000000242e-02 0.000000000000000000e+00
8.893500000000000016e-02 0.000000000000000000e+00
1.185800000000000048e-01 0.000000000000000000e+00
1.482249999999999956e-01 0.000000000000000000e+00
1.778700000000000003e-01 0.000000000000000000e+00
2.075150000000000050e-01 0.000000000000000000e+00
2.371600000000000097e-01 0.000000000000000000e+00
2.668050000000000144e-01 0.000000000000000000e+00
2.964499999999999913e-01 0.000000000000000000e+00
3.260950000000000237e-01 0.000000000000000000e+00
3.557400000000000007e-01 0.000000000000000000e+00
3.853850000000000331e-01 0.000000000000000000e+00
4.150300000000000100e-01 0.000000000000000000e+00
4.446750000000000425e-01 0.000000000000000000e+00
4.743200000000000194e-01 0.000000000000000000e+00
5.039649999999999963e-01 0.000000000000000000e+00
5.336100000000000287e-01 0.000000000000000000e+00
5.632550000000000612e-01 0.000000000000000000e+00
5.928999999999999826e-01 0.000000000000000000e+00
6.225450000000000150e-01 0.000000000000000000e+00
6.521900000000000475e-01 0.000000000000000000e+00
6.818350000000000799e-01 0.000000000000000000e+00
7.114800000000000013e-01 0.000000000000000000e+00
7.411250000000000338e-01 0.000000000000000000e+00
7.707700000000000662e-01 0.000000000000000000e+00
8.004149999999999876e-01 0.000000000000000000e+00
8.300600000000000200e-01 0.000000000000000000e+00
8.597050000000000525e-01 0.000000000000000000e+00
8.893500000000000849e-01 0.000000000000000000e+00
9.189950000000000063e-01 0.000000000000000000e+00
9.486400000000000388e-01 0.000000000000000000e+00
9.782850000000000712e-01 0.000000000000000000e+00
1.007929999999999993e+00 0.000000000000000000e+00
1.037575000000000136e+00 0.000000000000000000e+00
1.067220000000000057e+00 0.000000000000000000e+00
1.096864999999999979e+00 0.000000000000000000e+00
1.126510000000000122e+00 0.000000000000000000e+00
1.156155000000000044e+00 0.000000000000000000e+00
1.185799999999999965e+00 0.000000000000000000e+00
1.215445000000000109e+00 0.000000000000000000e+00
1.245090000000000030e+00 0.000000000000000000e+00
1.274734999999999951e+00 0.000000000000000000e+00
1.304380000000000095e+00 0.000000000000000000e+00
1.334025000000000016e+00 0.000000000000000000e+00
1.363670000000000160e+00 0.000000000000000000e+00
1.393315000000000081e+00 0.000000000000000000e+00
1.422960000000000003e+00 0.000000000000000000e+00
1.452605000000000146e+00 0.000000000000000000e+00
1.482250000000000068e+00 0.000000000000000000e+00
1.511894999999999989e+00 0.000000000000000000e+00
1.541540000000000132e+00 0.000000000000000000e+00
1.571185000000000054e+00 0.000000000000000000e+00
1.600829999999999975e+00 0.000000000000000000e+00
1.630475000000000119e+00 0.000000000000000000e+00
1.660120000000000040e+00 0.000000000000000000e+00
1.689764999999999961e+00 0.000000000000000000e+00
1.719410000000000105e+00 0.000000000000000000e+00
1.749055000000000026e+00 0.000000000000000000e+00
1.778700000000000170e+00 0.000000000000000000e+00
1.808345000000000091e+00 0.000000000000000000e+00
1.837990000000000013e+00 0.000000000000000000e+00
1.867635000000000156e+00 0.000000000000000000e+00
1.897280000000000078e+00 1.049921853679180866e-01
1.926924999999999999e+00 9.718308522018043183e-02
1.956570000000000142e+00 8.979268215579239154e-02
1.986215000000000064e+00 3.137468908463851291e-01
2.015859999999999985e+00 4.654427312555884932e-01
2.045504999999999907e+00 6.864387511726925961e-01
2.075150000000000272e+00 9.587119690115178949e-01
2.104795000000000194e+00 1.328218014745472519e+00
2.134440000000000115e+00 2.406129274273864915e+00
2.164085000000000036e+00 2.874006849120194218e+00
2.193729999999999958e+00 3.358991843724354887e+00
2.223374999999999879e+00 3.744299975799551650e+00
2.253020000000000245e+00 4.088089692327509184e+00
2.282665000000000166e+00 3.983272697052779421e+00
2.312310000000000088e+00 3.908211312482198885e+00
2.341955000000000009e+00 3.980146470233250966e+00
2.371599999999999930e+00 4.139238268688267830e+00
2.401245000000000296e+00 3.571985294881999895e+00
2.430890000000000217e+00 3.322560768473624027e+00
2.460535000000000139e+00 3.306103924895541724e+00
2.490180000000000060e+00 3.097627045364927945e+00
2.519824999999999982e+00 2.800166839405143993e+00
2.549469999999999903e+00 2.523514986338963428e+00
2.579115000000000268e+00 2.180909206777209342e+00
2.608760000000000190e+00 1.713633552310436681e+00
2.638405000000000111e+00 1.559058745801683576e+00
2.668050000000000033e+00 1.311469246593633731e+00
2.697694999999999954e+00 1.147786926889903691e+00
2.727340000000000320e+00 1.032606225021617696e+00
2.756985000000000241e+00 1.074227342429758147e+00
2.786630000000000162e+00 9.960307982980900476e-01
2.816275000000000084e+00 8.533708006854100470e-01
2.845920000000000005e+00 8.443044843893697804e-01
2.875564999999999927e+00 8.834658201375559239e-01
2.905210000000000292e+00 7.510213723452227041e-01
2.934855000000000214e+00 6.457560411430741665e-01
2.964500000000000135e+00 6.172432715859565988e-01
2.994145000000000056e+00 6.957192619990347771e-01
3.023789999999999978e+00 4.894530190800344682e-01
3.053435000000000343e+00 5.560317612849196012e-01
3.083080000000000265e+00 5.799856002828444046e-01
3.112725000000000186e+00 4.655804755712529830e-01
3.142370000000000108e+00 5.286484457586482222e-01
3.172015000000000029e+00 5.274493219409214229e-01
3.201659999999999950e+00 4.638019457969901338e-01
3.231305000000000316e+00 5.414756347204870979e-01
3.260950000000000237e+00 5.382237984047074653e-01
3.290595000000000159e+00 4.487620230570991131e-01
3.320240000000000080e+00 4.031694739647466719e-01
3.349885000000000002e+00 3.837666559190429094e-01
3.379529999999999923e+00 3.937513331492100144e-01
3.409175000000000288e+00 3.557080081512880021e-01
3.438820000000000210e+00 4.374003177224611294e-01
3.468465000000000131e+00 3.825301803119324773e-01
3.498110000000000053e+00 3.520647079379765620e-01
3.527754999999999974e+00 3.684426965437767043e-01
3.557400000000000340e+00 3.801286758071786842e-01
3.587045000000000261e+00 3.295137184381631279e-01
3.616690000000000182e+00 3.109250381259150986e-01
3.646335000000000104e+00 2.928927712548910489e-01
3.675980000000000025e+00 2.792401605202861625e-01
3.705624999999999947e+00 3.491824780666739625e-01
3.735270000000000312e+00 3.995167408500940320e-01
3.764915000000000234e+00 4.006025145530699438e-01
3.794560000000000155e+00 4.917872714252045085e-01
3.824205000000000076e+00 4.889571260245766382e-01
3.853849999999999998e+00 4.686680283148511039e-01
3.883495000000000363e+00 4.650116653190846661e-01
3.913140000000000285e+00 4.715900789886800504e-01
3.942785000000000206e+00 5.269373727702161281e-01
3.972430000000000128e+00 5.037656363433921092e-01
4.002075000000000493e+00 6.012521648784914241e-01
4.031719999999999970e+00 4.709962477942509218e-01
4.061365000000000336e+00 5.576344981570806603e-01
4.091009999999999813e+00 6.334501039728001048e-01
4.120655000000000179e+00 6.060362373131382707e-01
4.150300000000000544e+00 5.893937921499757815e-01
4.179945000000000022e+00 6.048916240515898046e-01
4.209590000000000387e+00 6.316309904528337738e-01
4.239234999999999864e+00 6.710673404794419428e-01
4.268880000000000230e+00 7.454886887997713707e-01
4.298525000000000595e+00 6.930732951495748306e-01
4.328170000000000073e+00 7.215726940574064274e-01
4.357815000000000438e+00 7.291611115648660713e-01
4.387459999999999916e+00 7.490851729838550188e-01
4.417105000000000281e+00 7.124473686872828671e-01
4.446749999999999758e+00 6.670716474197793122e-01
4.476395000000000124e+00 6.150425770570762118e-01
4.506040000000000489e+00 7.111581327638446526e-01
4.535684999999999967e+00 7.592222348232001705e-01
4.565330000000000332e+00 8.367619438674509524e-01
4.594974999999999810e+00 8.465620677271264993e-01
4.624620000000000175e+00 8.609080692181602101e-01
4.654265000000000541e+00 9.020357788060243687e-01
4.683910000000000018e+00 9.254636054787822586e-01
4.713555000000000383e+00 9.357477872924171436e-01
4.743199999999999861e+00 9.202700145625034578e-01
4.772845000000000226e+00 8.883555874511117612e-01
4.802490000000000592e+00 1.001517510232575292e+00
4.832135000000000069e+00 8.986921032798366182e-01
4.861780000000000435e+00 9.897858271042633271e-01
4.891424999999999912e+00 1.022078418765038244e+00
4.921070000000000277e+00 1.045647967748557283e+00
4.950715000000000643e+00 1.065752799918193050e+00
4.980360000000000120e+00 1.055937674714379604e+00
5.010005000000000486e+00 1.089816682618663712e+00
5.039649999999999963e+00 1.121464587180604155e+00
5.069295000000000329e+00 1.163103121649188498e+00
5.098939999999999806e+00 1.190358720979851626e+00
5.128585000000000171e+00 1.152272421428597760e+00
5.158230000000000537e+00 1.095417446875389667e+00
5.187875000000000014e+00 1.124870267751823860e+00
5.217520000000000380e+00 1.264484498804360424e+00
5.247164999999999857e+00 1.303842251186984047e+00
5.276810000000000223e+00 1.276811556234447087e+00
5.306455000000000588e+00 1.302062679582216775e+00
5.336100000000000065e+00 1.280971925172724735e+00
5.365745000000000431e+00 1.250019585927764965e+00
5.395389999999999908e+00 1.317430982243394721e+00
5.425035000000000274e+00 1.381533752575764273e+00
5.454680000000000639e+00 1.370681279207047742e+00
5.484325000000000117e+00 1.507693120526957475e+00
5.513970000000000482e+00 1.333449425992035087e+00
5.543614999999999959e+00 1.236245179388335780e+00
5.573260000000000325e+00 1.262277748196203975e+00
5.602904999999999802e+00 1.276082612564315877e+00
5.632550000000000168e+00 1.254514023923208654e+00
5.662195000000000533e+00 1.209503274328244560e+00
5.691840000000000011e+00 1.206614013749468528e+00
5.721485000000000376e+00 1.196295896777695988e+00
5.751129999999999853e+00 1.313660388905139920e+00
5.780775000000000219e+00 1.319996008007435329e+00
5.810420000000000584e+00 1.211981411326765734e+00
5.840065000000000062e+00 1.222135770045998493e+00
5.869710000000000427e+00 1.231016713517401273e+00
5.899354999999999905e+00 1.250134614654470955e+00
