0.000000000000000000e+00 0.000000000000000000e+00
2.964500000000000121e-02 0.000000000000000000e+00
5.929000000000000242e-02 0.000000000000000000e+00
8.893500000000000016e-02 0.000000000000000000e+00
1.185800000000000048e-01 0.000000000000000000e+00
1.482249999999999956e-01 0.000000000000000000e+00
1.778700000000000003e-01 0.000000000000000000e+00
2.075150000000000050e-01 0.000000000000000000e+00
2.371600000000000097e-01 0.000000000000000000e+00
2.668050000000000144e-01 0.000000000000000000e+00
2.964499999999999913e-01 0.000000000000000000e+00
3.260950000000000237e-01 0.000000000000000000e+00
3.557400000000000007e-01 0.000000000000000000e+00
3.853850000000000331e-01 0.000000000000000000e+00
4.150300000000000100e-01 0.000000000000000000e+00
4.446750000000000425e-01 0.000000000000000000e+00
4.743200000000000194e-01 0.000000000000000000e+00
5.039649999999999963e-01 0.000000000000000000e+00
5.336100000000000287e-01 0.000000000000000000e+00
5.632550000000000612e-01 0.000000000000000000e+00
5.928999999999999826e-01 0.000000000000000000e+00
6.225450000000000150e-01 0.000000000000000000e+00
6.521900000000000475e-01 0.000000000000000000e+00
6.818350000000000799e-01 0.000000000000000000e+00
7.114800000000000013e-01 0.000000000000000000e+00
7.411250000000000338e-01 0.000000000000000000e+00
7.707700000000000662e-01 0.000000000000000000e+00
8.004149999999999876e-01 0.000000000000000000e+00
8.300600000000000200e-01 0.000000000000000000e+00
8.597050000000000525e-01 0.000000000000000000e+00
8.893500000000000849e-01 0.000000000000000000e+00
9.189950000000000063e-01 0.000000000000000000e+00
9.486400000000000388e-01 0.000000000000000000e+00
9.782850000000000712e-01 0.000000000000000000e+00
1.007929999999999993e+00 0.000000000000000000e+00
1.037575000000000136e+00 0.000000000000000000e+00
1.067220000000000057e+00 0.000000000000000000e+00
1.096864999999999979e+00 0.000000000000000000e+00
1.126510000000000122e+00 0.000000000000000000e+00
1.156155000000000044e+00 0.000000000000000000e+00
1.185799999999999965e+00 0.000000000000000000e+00
1.215445000000000109e+00 0.000000000000000000e+00
1.245090000000000030e+00 0.000000000000000000e+00
1.274734999999999951e+00 0.000000000000000000e+00
1.304380000000000095e+00 0.000000000000000000e+00
1.334025000000000016e+00 0.000000000000000000e+00
1.363670000000000160e+00 0.000000000000000000e+00
1.393315000000000081e+00 0.000000000000000000e+00
1.422960000000000003e+00 0.000000000000000000e+00
1.452605000000000146e+00 0.000000000000000000e+00
1.482250000000000068e+00 0.000000000000000000e+00
1.511894999999999989e+00 0.000000000000000000e+00
1.541540000000000132e+00 0.000000000000000000e+00
1.571185000000000054e+00 0.000000000000000000e+00
1.600829999999999975e+00 0.000000000000000000e+00
1.630475000000000119e+00 0.000000000000000000e+00
1.660120000000000040e+00 0.000000000000000000e+00
1.689764999999999961e+00 0.000000000000000000e+00
1.719410000000000105e+00 0.000000000000000000e+00
1.749055000000000026e+00 0.000000000000000000e+00
1.778700000000000170e+00 0.000000000000000000e+00
1.808345000000000091e+00 0.000000000000000000e+00
1.837990000000000013e+00 0.000000000000000000e+00
1.867635000000000156e+00 0.000000000000000000e+00
1.897280000000000078e+00 0.000000000000000000e+00
1.926924999999999999e+00 0.000000000000000000e+00
1.956570000000000142e+00 0.000000000000000000e+00
1.986215000000000064e+00 0.000000000000000000e+00
2.015859999999999985e+00 0.000000000000000000e+00
2.045504999999999907e+00 0.000000000000000000e+00
2.075150000000000272e+00 0.000000000000000000e+00
2.104795000000000194e+00 0.000000000000000000e+00
2.134440000000000115e+00 0.000000000000000000e+00
2.164085000000000036e+00 0.000000000000000000e+00
2.193729999999999958e+00 0.000000000000000000e+00
2.223374999999999879e+00 0.000000000000000000e+00
2.253020000000000245e+00 0.000000000000000000e+00
2.282665000000000166e+00 0.000000000000000000e+00
2.312310000000000088e+00 0.000000000000000000e+00
2.341955000000000009e+00 0.000000000000000000e+00
2.371599999999999930e+00 0.000000000000000000e+00
2.401245000000000296e+00 0.000000000000000000e+00
2.430890000000000217e+00 0.000000000000000000e+00
2.460535000000000139e+00 3.417161679478596115e-02
2.490180000000000060e+00 6.117396319392137682e-02
2.519824999999999982e+00 8.419512320228852986e-02
2.549469999999999903e+00 1.061415346514811148e-01
2.579115000000000268e+00 1.555939981053895138e-01
2.608760000000000190e+00 1.444927699433356250e-01
2.638405000000000111e+00 1.784614144637857169e-01
2.668050000000000033e+00 2.908989086714160455e-01
2.697694999999999954e+00 2.039456109763052027e-01
2.727340000000000320e+00 3.248648797820819500e-01
2.756985000000000241e+00 3.974414057615384688e-01
2.786630000000000162e+00 4.957921161171296442e-01
2.816275000000000084e+00 4.658707942517289480e-01
2.845920000000000005e+00 4.605297187578380469e-01
2.875564999999999927e+00 4.824600578056156830e-01
2.905210000000000292e+00 5.852646116913724494e-01
2.934855000000000214e+00 6.216905986160030650e-01
2.964500000000000135e+00 7.627082464183158050e-01
2.994145000000000056e+00 7.496808668078241977e-01
3.023789999999999978e+00 7.218959586431397124e-01
3.053435000000000343e+00 9.267196021415325946e-01
3.083080000000000265e+00 9.017957922893130585e-01
3.112725000000000186e+00 1.047110111725385151e+00
3.142370000000000108e+00 1.111562129326958859e+00
3.172015000000000029e+00 1.175163961588242101e+00
3.201659999999999950e+00 1.096259144611067660e+00
3.231305000000000316e+00 1.140907377132769351e+00
3.260950000000000237e+00 1.139863693902416708e+00
3.290595000000000159e+00 1.055628815803353993e+00
3.320240000000000080e+00 1.073026926816679882e+00
3.349885000000000002e+00 1.183665830304517996e+00
3.379529999999999923e+00 1.220629132762551139e+00
3.409175000000000288e+00 1.079030568659764766e+00
3.438820000000000210e+00 1.179079117338808214e+00
3.468465000000000131e+00 1.334541380937869670e+00
3.498110000000000053e+00 1.504405017052237392e+00
3.527754999999999974e+00 1.465428687385436524e+00
3.557400000000000340e+00 1.342756689362048395e+00
3.587045000000000261e+00 1.421616328118932460e+00
3.616690000000000182e+00 1.581086896001993924e+00
3.646335000000000104e+00 1.554284306125955251e+00
3.675980000000000025e+00 1.492269665165749437e+00
3.705624999999999947e+00 1.355130555673915271e+00
3.735270000000000312e+00 1.622881667801003180e+00
3.764915000000000234e+00 1.523022364779506699e+00
3.794560000000000155e+00 1.551113887869226993e+00
3.824205000000000076e+00 1.587630765130646937e+00
3.853849999999999998e+00 1.586709419245055708e+00
3.883495000000000363e+00 1.457036551333132035e+00
3.913140000000000285e+00 1.548217789293772295e+00
3.942785000000000206e+00 1.532908720786083423e+00
3.972430000000000128e+00 1.478371050445641099e+00
4.002075000000000493e+00 1.544223186054830332e+00
4.031719999999999970e+00 1.524876992293151767e+00
4.061365000000000336e+00 1.566837422317070239e+00
4.091009999999999813e+00 1.647798309680878814e+00
4.120655000000000179e+00 1.567124007597610280e+00
4.150300000000000544e+00 1.659555899398395873e+00
4.179945000000000022e+00 1.488430045412190594e+00
4.209590000000000387e+00 1.367881974680362767e+00
4.239234999999999864e+00 1.278498984878936762e+00
4.268880000000000230e+00 1.313163111265923666e+00
4.298525000000000595e+00 1.169502569758484212e+00
4.328170000000000073e+00 1.249800909835328211e+00
4.357815000000000438e+00 1.284017126372674067e+00
4.387459999999999916e+00 1.117325360183851091e+00
4.417105000000000281e+00 1.275653892063513650e+00
4.446749999999999758e+00 1.242103185800035758e+00
4.476395000000000124e+00 1.206729106884136815e+00
4.506040000000000489e+00 1.232787927624239943e+00
4.535684999999999967e+00 1.162848705944524053e+00
4.565330000000000332e+00 1.124554819193631650e+00
4.594974999999999810e+00 1.202922821746110982e+00
4.624620000000000175e+00 1.100859847455990081e+00
4.654265000000000541e+00 9.940802460311287669e-01
4.683910000000000018e+00 9.823665769514317025e-01
4.713555000000000383e+00 1.011450485680544409e+00
4.743199999999999861e+00 9.487875945782594522e-01
4.772845000000000226e+00 8.815045160825940584e-01
4.802490000000000592e+00 8.917415669187944705e-01
4.832135000000000069e+00 8.786386431240056361e-01
4.861780000000000435e+00 8.951361816658275350e-01
4.891424999999999912e+00 9.002988624866505862e-01
4.921070000000000277e+00 8.350859797224778891e-01
4.950715000000000643e+00 7.996684355295872182e-01
4.980360000000000120e+00 8.160789843653516451e-01
5.010005000000000486e+00 8.534708960266643718e-01
5.039649999999999963e+00 8.387079860278817689e-01
5.069295000000000329e+00 8.134296352799025298e-01
5.098939999999999806e+00 7.900138596637579225e-01
5.128585000000000171e+00 7.558696021506428053e-01
5.158230000000000537e+00 7.276701611386517943e-01
5.187875000000000014e+00 7.451862633358787846e-01
5.217520000000000380e+00 7.087231666685730458e-01
5.247164999999999857e+00 6.812244917994826343e-01
5.276810000000000223e+00 6.586577915762863444e-01
5.306455000000000588e+00 6.716745483883655998e-01
5.336100000000000065e+00 6.295166501919241542e-01
5.365745000000000431e+00 6.424883696234316988e-01
5.395389999999999908e+00 6.760030469972894140e-01
5.425035000000000274e+00 7.134681351330238730e-01
5.454680000000000639e+00 7.535830692491514160e-01
5.484325000000000117e+00 7.050903150723084600e-01
5.513970000000000482e+00 7.209531785222348388e-01
5.543614999999999959e+00 8.053383397934065213e-01
5.573260000000000325e+00 8.499001571520258258e-01
5.602904999999999802e+00 7.939578126699988747e-01
5.632550000000000168e+00 8.069813280796913624e-01
5.662195000000000533e+00 8.575887137582538511e-01
5.691840000000000011e+00 8.508450505480266157e-01
5.721485000000000376e+00 8.616936313225870281e-01
5.751129999999999853e+00 8.392101325846259563e-01
5.780775000000000219e+00 9.142829492692191584e-01
5.810420000000000584e+00 9.044867639048710384e-01
5.840065000000000062e+00 8.403774078908552436e-01
5.869710000000000427e+00 7.623938958460205750e-01
5.899354999999999905e+00 8.111408154142736304e-01
