3.499999999999820616e-02 0.000000000000000000e+00 0.000000000000000000e+00 0.000000000000000000e+00 0.000000000000000000e+00 0.000000000000000000e+00 0.000000000000000000e+00
1.049999999999968042e-01 0.000000000000000000e+00 0.000000000000000000e+00 0.000000000000000000e+00 0.000000000000000000e+00 0.000000000000000000e+00 0.000000000000000000e+00
1.750000000000064837e-01 0.000000000000000000e+00 0.000000000000000000e+00 0.000000000000000000e+00 0.000000000000000000e+00 0.000000000000000000e+00 0.000000000000000000e+00
2.450000000000037981e-01 0.000000000000000000e+00 0.000000000000000000e+00 0.000000000000000000e+00 0.000000000000000000e+00 0.000000000000000000e+00 0.000000000000000000e+00
3.150000000000085509e-01 0.000000000000000000e+00 0.000000000000000000e+00 0.000000000000000000e+00 0.000000000000000000e+00 0.000000000000000000e+00 0.000000000000000000e+00
3.849999999999928479e-01 0.000000000000000000e+00 0.000000000000000000e+00 0.000000000000000000e+00 0.000000000000000000e+00 0.000000000000000000e+00 0.000000000000000000e+00
4.550000000000149480e-01 0.000000000000000000e+00 0.000000000000000000e+00 0.000000000000000000e+00 0.000000000000000000e+00 0.000000000000000000e+00 0.000000000000000000e+00
5.249999999999865885e-01 0.000000000000000000e+00 0.000000000000000000e+00 0.000000000000000000e+00 0.000000000000000000e+00 0.000000000000000000e+00 0.000000000000000000e+00
5.950000000000211786e-01 0.000000000000000000e+00 0.000000000000000000e+00 0.000000000000000000e+00 0.000000000000000000e+00 0.000000000000000000e+00 0.000000000000000000e+00
6.649999999999811617e-01 0.000000000000000000e+00 0.000000000000000000e+00 0.000000000000000000e+00 0.000000000000000000e+00 0.000000000000000000e+00 0.000000000000000000e+00
7.349999999999778932e-01 0.000000000000000000e+00 0.000000000000000000e+00 0.000000000000000000e+00 0.000000000000000000e+00 0.000000000000000000e+00 0.000000000000000000e+00
8.050000000000091527e-01 0.000000000000000000e+00 0.000000000000000000e+00 0.000000000000000000e+00 0.000000000000000000e+00 0.000000000000000000e+00 0.000000000000000000e+00
8.750000000000000000e-01 0.000000000000000000e+00 0.000000000000000000e+00 0.000000000000000000e+00 0.000000000000000000e+00 0.000000000000000000e+00 0.000000000000000000e+00
9.449999999999828537e-01 0.000000000000000000e+00 0.000000000000000000e+00 0.000000000000000000e+00 0.000000000000000000e+00 0.000000000000000000e+00 0.000000000000000000e+00
1.015000000000043645e+00 0.000000000000000000e+00 0.000000000000000000e+00 0.000000000000000000e+00 0.000000000000000000e+00 0.000000000000000000e+00 0.000000000000000000e+00
1.085000000000025722e+00 0.000000000000000000e+00 0.000000000000000000e+00 0.000000000000000000e+00 0.000000000000000000e+00 0.000000000000000000e+00 0.000000000000000000e+00
1.155000000000001581e+00 0.000000000000000000e+00 0.000000000000000000e+00 0.000000000000000000e+00 0.000000000000000000e+00 0.000000000000000000e+00 0.000000000000000000e+00
1.224999999999953904e+00 0.000000000000000000e+00 0.000000000000000000e+00 0.000000000000000000e+00 0.000000000000000000e+00 0.000000000000000000e+00 0.000000000000000000e+00
1.295000000000036788e+00 0.000000000000000000e+00 0.000000000000000000e+00 0.000000000000000000e+00 0.000000000000000000e+00 0.000000000000000000e+00 0.000000000000000000e+00
1.364999999999951807e+00 0.000000000000000000e+00 0.000000000000000000e+00 0.000000000000000000e+00 0.000000000000000000e+00 0.000000000000000000e+00 0.000000000000000000e+00
1.434999999999955644e+00 0.000000000000000000e+00 0.000000000000000000e+00 0.000000000000000000e+00 0.000000000000000000e+00 0.000000000000000000e+00 0.000000000000000000e+00
1.505000000000070504e+00 0.000000000000000000e+00 0.000000000000000000e+00 0.000000000000000000e+00 0.000000000000000000e+00 0.000000000000000000e+00 0.000000000000000000e+00
1.574999999999957101e+00 0.000000000000000000e+00 0.000000000000000000e+00 0.000000000000000000e+00 0.000000000000000000e+00 0.000000000000000000e+00 0.000000000000000000e+00
1.644999999999983586e+00 0.000000000000000000e+00 0.000000000000000000e+00 1.748550724637681051e-04 9.254622688655671700e-06 0.000000000000000000e+00 0.000000000000000000e+00
1.715000000000037383e+00 0.000000000000000000e+00 0.000000000000000000e+00 7.400228885557229123e-03 4.349672663668164869e-04 0.000000000000000000e+00 0.000000000000000000e+00
1.784999999999958398e+00 0.000000000000000000e+00 0.000000000000000000e+00 4.470022988505761158e-02 3.220608795602188969e-03 0.000000000000000000e+00 0.000000000000000000e+00
1.855000000000016636e+00 0.000000000000000000e+00 0.000000000000000000e+00 2.152040939530209807e-01 1.770410024987503425e-02 0.000000000000000000e+00 0.000000000000000000e+00
1.925000000000068212e+00 0.000000000000000000e+00 0.000000000000000000e+00 6.905619520239818510e-01 6.775317496251923033e-02 0.000000000000000000e+00 0.000000000000000000e+00
1.994999999999919948e+00 0.000000000000000000e+00 0.000000000000000000e+00 1.510020000499745496e+00 1.852962982508732648e-01 0.000000000000000000e+00 0.000000000000000000e+00
2.065000000000043467e+00 0.000000000000000000e+00 0.000000000000000000e+00 2.426402320839569082e+00 3.876579258370787540e-01 0.000000000000000000e+00 0.000000000000000000e+00
2.135000000000109477e+00 2.115382308845577220e-04 1.850924537731134340e-05 3.243347110944508227e+00 6.768005447276396191e-01 0.000000000000000000e+00 0.000000000000000000e+00
2.204999999999948557e+00 0.000000000000000000e+00 1.850924537731134340e-05 3.687523768115927858e+00 1.027449508745621243e+00 0.000000000000000000e+00 0.000000000000000000e+00
2.275000000000021227e+00 0.000000000000000000e+00 1.850924537731134340e-05 3.687008750624701126e+00 1.400660592703645513e+00 0.000000000000000000e+00 0.000000000000000000e+00
2.344999999999955786e+00 5.260494752623687438e-04 7.403698150924537360e-05 3.400919310344794333e+00 1.766422323838080288e+00 0.000000000000000000e+00 0.000000000000000000e+00
2.414999999999968505e+00 1.653328335832083629e-03 2.591294352823588008e-04 2.938239207396304842e+00 2.101569770114948277e+00 0.000000000000000000e+00 0.000000000000000000e+00
2.484999999999976783e+00 4.996797601199397428e-03 8.514252873563216270e-04 2.461556891054467400e+00 2.398855827086457282e+00 0.000000000000000000e+00 0.000000000000000000e+00
2.555000000000000604e+00 1.240777711144426879e-02 2.406202198900551491e-03 2.040973267366343435e+00 2.659429870064966117e+00 0.000000000000000000e+00 0.000000000000000000e+00
2.625000000000000000e+00 2.812774512743617186e-02 6.126561419290340281e-03 1.649339084457762894e+00 2.881697836081968944e+00 0.000000000000000000e+00 0.000000000000000000e+00
2.694999999999984297e+00 5.854899750124905461e-02 1.428914242878577198e-02 1.359740348325833681e+00 3.074842448775600534e+00 2.655282358820589580e-04 3.701849075462268680e-05
2.765000000000054303e+00 1.075867031484271652e-01 3.007753728135902083e-02 1.127124009994993958e+00 3.243369110444777270e+00 3.027058470764617398e-03 4.812403798100948538e-04
2.835000000000032383e+00 1.779245932033967081e-01 5.752675927036449144e-02 9.449203508245935801e-01 3.391896316841592096e+00 1.403719340329837723e-02 2.646822088955523566e-03
2.904999999999986482e+00 3.002863203398287717e-01 1.061690555222361970e-01 7.940089105447237783e-01 3.522942298850571419e+00 3.976398000999505772e-02 9.088042628685677471e-03
2.975000000000069367e+00 4.313351274362866583e-01 1.794471439780063182e-01 6.988597806096946696e-01 3.643909825087447985e+00 1.063357121439281044e-01 2.715307681159397427e-02
3.045000000000057216e+00 6.174425362319009292e-01 2.893365452773562496e-01 6.177977986006991662e-01 3.755936756621692574e+00 2.323338630684626538e-01 6.850274317841029137e-02
3.114999999999856328e+00 8.115181599200426144e-01 4.404833108445781464e-01 5.653752834582707054e-01 3.863225507246394130e+00 4.032745522238799785e-01 1.436132503748087930e-01
3.185000000000112408e+00 1.037362686156945601e+00 6.424752818590677705e-01 5.135084057471350771e-01 3.965100644677665986e+00 6.940153303348464142e-01 2.787492506246821988e-01
3.255000000000090932e+00 1.222215349325350919e+00 8.910361914042849163e-01 4.831740157421255955e-01 4.065217526236870604e+00 1.011246832083970704e+00 4.844058930534730911e-01
3.324999999999883826e+00 1.433658607696147502e+00 1.195272971514242499e+00 4.707065352323817065e-01 4.166990779610181939e+00 1.333615570214890633e+00 7.674128305846996678e-01
3.395000000000163443e+00 1.587821038480780711e+00 1.546560009995001428e+00 4.527284588705640100e-01 4.269041424287853381e+00 1.662865844577734897e+00 1.135302947526234396e+00
3.465000000000091784e+00 1.722858799600195612e+00 1.943602188905547701e+00 4.491654597201505950e-01 4.374507001499251757e+00 1.940836256371813562e+00 1.582578923538228155e+00
3.534999999999907327e+00 1.843746509245377974e+00 2.385844222888560573e+00 4.499578448775604089e-01 4.484470669665170384e+00 2.143770102948534539e+00 2.096785127436282092e+00
3.604999999999820570e+00 1.900389838080948746e+00 2.859903213393316435e+00 4.662992591204438986e-01 4.602985707146428851e+00 2.272127691654167947e+00 2.663575527236387686e+00
3.675000000000122391e+00 1.926146900049970467e+00 3.359227926036968626e+00 4.788033718140818906e-01 4.729450054972512696e+00 2.349046414792602455e+00 3.272530619690137588e+00
3.744999999999906404e+00 1.965303858570695450e+00 3.888296526736653380e+00 4.943067941029501977e-01 4.865030294852564552e+00 2.346139294352809213e+00 3.904121934032992236e+00
3.814999999999839631e+00 1.936052180409801426e+00 4.429155847076459374e+00 5.231547489755107305e-01 5.013937536231877878e+00 2.303438961519248096e+00 4.547615007496260020e+00
3.885000000000158327e+00 1.880970333333332967e+00 4.974086886556721154e+00 5.541360166916561303e-01 5.177503933033487549e+00 2.216262359320331221e+00 5.189683093453273166e+00
3.954999999999939231e+00 1.813929963518232213e+00 5.518703578210890193e+00 5.817989720139951082e-01 5.355479415292339063e+00 2.084872755122427979e+00 5.815647526236875642e+00
4.024999999999853806e+00 1.751149815092458928e+00 6.063246271864071169e+00 6.155731269365269931e-01 5.550511889055471215e+00 1.956383217391312712e+00 6.424010374812599622e+00
4.095000000000083240e+00 1.648377429285358575e+00 6.593814122938524314e+00 6.485238475762085120e-01 5.763192353823082925e+00 1.789264398300850489e+00 6.999926001999003944e+00
4.164999999999982272e+00 1.548133385307336018e+00 7.109297346326836298e+00 6.964163488255846746e-01 5.999453948025993633e+00 1.638241859570195080e+00 7.545412463768114364e+00
4.234999999999881304e+00 1.457054581709148922e+00 7.610898155922019015e+00 7.379380084957721797e-01 6.258287526236882670e+00 1.507164457771122068e+00 8.064264297851078567e+00
4.305000000000118732e+00 1.334558064967515056e+00 8.085642408795596481e+00 7.838694502748578818e-01 6.542395562218895400e+00 1.366713609695151099e+00 8.550447046476755020e+00
4.375000000000000000e+00 1.246700376811598066e+00 8.543672558720643906e+00 8.268035657171404207e-01 6.851888715642157734e+00 1.221560837081463013e+00 8.999241199400286106e+00
4.444999999999875939e+00 1.162110811594200710e+00 8.984396521739133945e+00 8.819216821589302979e-01 7.192662918540745132e+00 1.106130883058473513e+00 9.418735002498753062e+00
4.515000000000075175e+00 1.049773150924549370e+00 9.395154347826094821e+00 9.291657041479293166e-01 7.563088870564715904e+00 9.964614022988602660e-01 9.808630479760100940e+00
4.584999999999936016e+00 9.902582973513238684e-01 9.794730669665128175e+00 9.701645502248892328e-01 7.961944877561191625e+00 9.158558460769598009e-01 1.017818441779111183e+01
4.655000000000005578e+00 9.218951957521196450e-01 1.017816564717640837e+01 1.018732716641675529e+00 8.393654957521222926e+00 8.332924707646162110e-01 1.052477524237879436e+01
4.725000000000178169e+00 8.529292443778152544e-01 1.054367370314841068e+01 1.065483245377305987e+00 8.858857506246877733e+00 7.661979935032500189e-01 1.085311129435280009e+01
4.795000000000062990e+00 7.985978789605360229e-01 1.089610969515240591e+01 1.109995071964021029e+00 9.357959890054962315e+00 7.133318903548355738e-01 1.116791439280362042e+01
4.864999999999829683e+00 7.583037066466701281e-01 1.124060069965020503e+01 1.156939217391307340e+00 9.893468875562209774e+00 6.669177367316293514e-01 1.147089275362315774e+01
4.935000000000060005e+00 7.301738355822110504e-01 1.158193258370813616e+01 1.192146676661669957e+00 1.046126839580210088e+01 6.338783165417311016e-01 1.176721159420289453e+01
5.004999999999931504e+00 6.936474784607659094e-01 1.191545147426286988e+01 1.224567108445778318e+00 1.106117366316840922e+01 6.077257698650645468e-01 1.205941269365318114e+01
5.075000000000036593e+00 6.843787810094938973e-01 1.225377906046979426e+01 1.266039048975511561e+00 1.169886201899050882e+01 6.023836754622677869e-01 1.235720794602699080e+01
5.145000000000255369e+00 6.663205846077002725e-01 1.259233453273363246e+01 1.307480233383313095e+00 1.237571964017991100e+01 5.893827804097991896e-01 1.265667181409291686e+01
5.215000000000109992e+00 6.584104267866168758e-01 1.293603333333333794e+01 1.324451632683666613e+00 1.308014402798600528e+01 5.765035589705173047e-01 1.295761549225387199e+01
5.284999999999890008e+00 6.595553455272330501e-01 1.328963098450776315e+01 1.363147050474766475e+00 1.382474442778609713e+01 5.653035466266840281e-01 1.326068265867070828e+01
5.354999999999736637e+00 6.689911216391848381e-01 1.365785817091453502e+01 1.359015440779609118e+00 1.458688175912042517e+01 5.800455511244422269e-01 1.357995237381306985e+01
5.424999999999918998e+00 6.713337380309928326e-01 1.403709125437278793e+01 1.372103012493751883e+00 1.537660894552723256e+01 5.948588635182399109e-01 1.391598755622189287e+01
5.495000000000134222e+00 6.794407646176963134e-01 1.443087641179408998e+01 1.362523167416300529e+00 1.618118600699648013e+01 5.976843363318348201e-01 1.426238395802100456e+01
5.565000000000004832e+00 6.879884727636161879e-01 1.483984102948525141e+01 1.355538592703636525e+00 1.700216581709145203e+01 6.248099905047466152e-01 1.463379550224886039e+01
5.635000000000176534e+00 7.133971014492741514e-01 1.527463793103449241e+01 1.340848002498748581e+00 1.783480559720138459e+01 6.431233299850056540e-01 1.502576426786607477e+01
5.704999999999935234e+00 7.446478690654735333e-01 1.573983523238378268e+01 1.310269363818093336e+00 1.866879470264866114e+01 6.753176357821151221e-01 1.544764532733632656e+01
5.774999999999788081e+00 7.657687551224314770e-01 1.623003208395804364e+01 1.268623206896535960e+00 1.949621524237881331e+01 7.112939999999930984e-01 1.590297486256871373e+01
5.844999999999862084e+00 8.038470104947607053e-01 1.675715947026488450e+01 1.228183427286340113e+00 2.031679500249877535e+01 7.421735162418849896e-01 1.638965637181412305e+01
5.915000000000246061e+00 8.321479970015116523e-01 1.731598935532231565e+01 1.182120197401311801e+00 2.112563228385806013e+01 7.821507671164533715e-01 1.691491384307845181e+01
5.985000000000086473e+00 8.602045382308809440e-01 1.790741724137929580e+01 1.131195293353326914e+00 2.191805042478762644e+01 8.316414417791068159e-01 1.748670134932539355e+01
6.055000000000168470e+00 9.100255517241386816e-01 1.854781889055472277e+01 1.087624932533729716e+00 2.269787301349327535e+01 8.816193283358343402e-01 1.810711214392797075e+01
6.125000000000000000e+00 9.515487636181998443e-01 1.923301164417787490e+01 1.034563346326835331e+00 2.345690049975011249e+01 9.277209015492327016e-01 1.877515042478761487e+01
6.194999999999828866e+00 9.895156961519216976e-01 1.996192648675663150e+01 9.855198255872082980e-01 2.419656841579212525e+01 9.775553798100952152e-01 1.949525257371314524e+01
6.264999999999891322e+00 1.038382545727136286e+00 2.074422138930541237e+01 9.416290329835100836e-01 2.491935542228888778e+01 1.040348046476762933e+00 2.027902658670662461e+01
6.334999999999713083e+00 1.071716051474263409e+00 2.156977091454274387e+01 9.030938185907094740e-01 2.562814017991011895e+01 1.091899994502749216e+00 2.112012488755615891e+01
6.405000000000183213e+00 1.112403040979513369e+00 2.244570149925037938e+01 8.690657631184395271e-01 2.632537341329330260e+01 1.130925871564218976e+00 2.201064337831081374e+01
6.475000000000228795e+00 1.141244525737136639e+00 2.336409590204898379e+01 8.341571084457783947e-01 2.700930959520239938e+01 1.170662338830593230e+00 2.295270859570208088e+01
6.545000000000065654e+00 1.171937694652669837e+00 2.432768785607193252e+01 8.089749810094936100e-01 2.768701784107953046e+01 1.229656522738629354e+00 2.396375857071463855e+01
6.614999999999817248e+00 1.195659558720643778e+00 2.533192748625678803e+01 7.838008700649686800e-01 2.835775767116439638e+01 1.269396536731639991e+00 2.502992988505746652e+01
6.684999999999910791e+00 1.219365304847573439e+00 2.637786491754110685e+01 7.718669330334824163e-01 2.903233618190903442e+01 1.296076223888055878e+00 2.614166921539229094e+01
6.754999999999742322e+00 1.240782286856564554e+00 2.746458150924535957e+01 7.559527936031981143e-01 2.970691484257874748e+01 1.312318725137423092e+00 2.729103808095949546e+01
6.825000000000214229e+00 1.254795927536217937e+00 2.858646631684158379e+01 7.563132953523223900e-01 3.039587611194404104e+01 1.336031049974998330e+00 2.848555352323833390e+01
6.895000000000302443e+00 1.263240003997994076e+00 2.973918590704656140e+01 7.551697446276863790e-01 3.109797911044475072e+01 1.340197039480252261e+00 2.970849855072473744e+01
6.965000000000117986e+00 1.260914787106465873e+00 3.091326626686658585e+01 7.552065922038866397e-01 3.181444442778612469e+01 1.339016364817609217e+00 3.095530024987508355e+01
